#tail	head	edge_weight
0	1	0.160714285714
0	2	0.111486486486
0	4	0.138095238095
0	9	0.0343511450382
0	23	0.034749034749
0	24	0.0347826086957
0	59	0.0333333333333
0	81	0.0354609929078
0	84	0.0380228136882
0	86	0.057761732852
0	137	0.0434782608696
0	138	0.0606060606061
0	153	0.037542662116
0	158	0.0443686006826
0	159	0.034188034188
0	162	0.0905172413793
0	173	0.0344827586207
0	232	0.0405982905983
0	234	0.0474576271186
0	297	0.0327102803738
0	299	0.0396475770925
0	306	0.0590717299578
0	307	0.0338983050847
0	454	0.0356234096692
0	508	0.0377358490566
0	526	0.0418118466899
0	627	0.0415430267062
0	632	0.157676348548
0	633	0.0538720538721
0	634	0.0493827160494
0	636	0.0504587155963
0	637	0.101123595506
1	0	0.160714285714
1	2	0.0682593856655
1	4	0.0420560747664
1	9	0.0365853658537
1	14	0.0386740331492
1	99	0.047619047619
1	105	0.0348258706468
1	136	0.0348837209302
1	138	0.0374331550802
1	150	0.0362694300518
1	153	0.103448275862
1	158	0.0431654676259
1	159	0.0660377358491
1	162	0.102325581395
1	165	0.104545454545
1	171	0.0372670807453
1	182	0.0388888888889
1	183	0.0337837837838
1	428	0.045643153527
1	468	0.0353535353535
1	508	0.0401606425703
1	564	0.0365853658537
1	627	0.0403726708075
1	632	0.11914893617
1	633	0.0421052631579
1	637	0.0692307692308
2	0	0.111486486486
2	1	0.0682593856655
2	3	0.224199288256
2	7	0.0528455284553
2	13	0.0353356890459
2	16	0.0897435897436
2	19	0.0899795501022
2	23	0.0422077922078
2	42	0.0392156862745
2	60	0.0374639769452
2	73	0.0432801822323
2	89	0.0349206349206
2	90	0.0337078651685
2	103	0.0445859872611
2	107	0.0324909747292
2	121	0.052757793765
2	123	0.0405904059041
2	131	0.04
2	160	0.0390625
2	164	0.0295358649789
2	169	0.0629370629371
2	192	0.0330882352941
2	230	0.0601719197708
2	231	0.0428265524625
2	232	0.046511627907
2	235	0.0515463917526
2	236	0.0477453580902
2	237	0.0506993006993
2	416	0.0461847389558
2	454	0.0478359908884
2	465	0.0431818181818
2	492	0.046332046332
2	493	0.0346020761246
2	625	0.0411392405063
2	629	0.0470347648262
2	633	0.161904761905
2	634	0.10394265233
2	635	0.0341296928328
3	2	0.224199288256
3	6	0.0392749244713
3	7	0.0480349344978
3	13	0.0537190082645
3	16	0.171215880893
3	20	0.0504731861199
3	57	0.039886039886
3	78	0.0394265232975
3	91	0.0392156862745
3	101	0.0333333333333
3	115	0.04
3	121	0.0580474934037
3	128	0.0401234567901
3	154	0.0395604395604
3	164	0.03
3	227	0.0315315315315
3	230	0.04
3	231	0.0441860465116
3	233	0.0355987055016
3	235	0.0432098765432
3	236	0.0438596491228
3	237	0.0406654343808
3	364	0.036231884058
3	396	0.0342205323194
3	453	0.0408719346049
3	464	0.036312849162
3	465	0.0498753117207
3	485	0.0388198757764
3	491	0.041958041958
3	621	0.0408163265306
3	622	0.0421052631579
3	623	0.0451467268623
3	625	0.0505415162455
3	627	0.0368271954674
3	629	0.0486725663717
3	634	0.0756972111554
3	635	0.108786610879
4	0	0.138095238095
4	1	0.0420560747664
4	11	0.0359281437126
4	17	0.0333333333333
4	23	0.0358744394619
4	53	0.0407239819005
4	56	0.0441176470588
4	58	0.0344827586207
4	59	0.0344827586207
4	84	0.162561576355
4	162	0.0434782608696
4	173	0.0484848484848
4	225	0.0350877192982
4	226	0.0443686006826
4	227	0.0350877192982
4	234	0.0381679389313
4	307	0.0615384615385
4	431	0.05078125
4	443	0.0342857142857
4	451	0.0487804878049
4	470	0.043956043956
4	498	0.0337837837838
4	526	0.0438247011952
4	540	0.0263157894737
4	545	0.0344827586207
4	627	0.0328947368421
4	632	0.0660792951542
4	636	0.103448275862
4	637	0.0532786885246
5	6	0.0588235294118
5	9	0.0597014925373
5	10	0.0772532188841
5	12	0.213675213675
5	17	0.102803738318
5	18	0.128301886792
5	81	0.0374149659864
5	135	0.0360110803324
5	158	0.0390879478827
5	233	0.0529801324503
5	238	0.0455927051672
5	240	0.0494296577947
5	324	0.03125
5	329	0.0494186046512
5	368	0.0407608695652
5	369	0.0576923076923
5	370	0.0510948905109
5	372	0.0621118012422
5	375	0.047619047619
5	380	0.0443349753695
5	381	0.0319634703196
5	383	0.0393700787402
5	386	0.0358974358974
5	393	0.0364238410596
5	396	0.0344827586207
5	402	0.0388349514563
5	404	0.0792349726776
5	406	0.058064516129
5	408	0.0839416058394
5	409	0.0364583333333
5	410	0.0566037735849
5	412	0.0384615384615
5	415	0.0426356589147
5	419	0.0526315789474
5	420	0.037037037037
5	462	0.03515625
5	472	0.046875
5	473	0.0536723163842
5	476	0.0426356589147
5	477	0.0384615384615
5	480	0.03663003663
5	481	0.0891840607211
5	487	0.0627450980392
5	495	0.0395256916996
5	496	0.0565217391304
5	498	0.0304568527919
5	499	0.0344827586207
5	503	0.0359477124183
5	505	0.0387096774194
5	506	0.0421455938697
5	511	0.0361842105263
5	606	0.0359477124183
5	612	0.0474576271186
5	621	0.0386363636364
5	622	0.0467091295117
5	623	0.0382882882883
5	629	0.0373626373626
5	634	0.0387596899225
6	3	0.0392749244713
6	5	0.0588235294118
6	7	0.161434977578
6	12	0.148936170213
6	16	0.0944206008584
6	18	0.0900321543408
6	19	0.0430528375734
6	20	0.174050632911
6	43	0.0433673469388
6	46	0.0373563218391
6	128	0.0445682451253
6	135	0.0588235294118
6	192	0.0330882352941
6	228	0.045197740113
6	231	0.0586956521739
6	232	0.0404624277457
6	233	0.0529411764706
6	234	0.0553935860058
6	237	0.0693950177936
6	238	0.0549450549451
6	240	0.042904290429
6	241	0.0421455938697
6	308	0.0666666666667
6	309	0.0535714285714
6	329	0.0664893617021
6	345	0.0386597938144
6	355	0.0285714285714
6	368	0.0522388059701
6	369	0.0481586402266
6	370	0.0412698412698
6	371	0.0435967302452
6	372	0.0552486187845
6	374	0.0440251572327
6	377	0.0485436893204
6	378	0.0230414746544
6	380	0.0285714285714
6	381	0.0350194552529
6	383	0.041095890411
6	386	0.0297872340426
6	387	0.0393939393939
6	394	0.0433333333333
6	396	0.0402684563758
6	404	0.0532687651332
6	405	0.0400890868597
6	406	0.054441260745
6	408	0.0369230769231
6	410	0.0562347188264
6	436	0.0365448504983
6	452	0.0754257907543
6	453	0.05
6	455	0.0697674418605
6	463	0.0433604336043
6	464	0.0380710659898
6	465	0.052752293578
6	472	0.0533707865169
6	474	0.0574324324324
6	475	0.0562913907285
6	476	0.0474576271186
6	477	0.0582278481013
6	478	0.0604026845638
6	479	0.0640243902439
6	480	0.0695364238411
6	481	0.0983899821109
6	487	0.0401337792642
6	488	0.0542635658915
6	491	0.046204620462
6	494	0.0407766990291
6	495	0.0412371134021
6	496	0.0669371196755
6	497	0.0377358490566
6	500	0.0567901234568
6	502	0.0465838509317
6	504	0.042904290429
6	505	0.0647058823529
6	506	0.0469798657718
6	510	0.0560747663551
6	527	0.0378006872852
6	598	0.0358422939068
6	614	0.0451807228916
6	620	0.0513513513514
6	621	0.0574468085106
6	622	0.0855397148676
6	623	0.0547368421053
6	625	0.0511182108626
6	628	0.0610328638498
6	629	0.0688935281837
6	630	0.0818414322251
6	635	0.105839416058
7	2	0.0528455284553
7	3	0.0480349344978
7	6	0.161434977578
7	13	0.03125
7	16	0.163963963964
7	19	0.130067567568
7	20	0.0787234042553
7	37	0.0613382899628
7	38	0.0646651270208
7	39	0.054
7	41	0.0710479573712
7	43	0.0480769230769
7	44	0.0454545454545
7	50	0.0611888111888
7	57	0.0445736434109
7	63	0.0468497576737
7	65	0.0506535947712
7	66	0.0429184549356
7	68	0.0592
7	76	0.046875
7	77	0.0298507462687
7	79	0.0375782881002
7	87	0.0521739130435
7	88	0.0461893764434
7	91	0.0452380952381
7	95	0.0353982300885
7	98	0.0438596491228
7	100	0.0694698354662
7	102	0.0299251870324
7	104	0.0554272517321
7	116	0.0357142857143
7	121	0.0511882998172
7	124	0.056530214425
7	125	0.0404494382022
7	126	0.0425101214575
7	128	0.0514403292181
7	154	0.216165413534
7	160	0.0428849902534
7	184	0.0298507462687
7	202	0.0474576271186
7	230	0.101886792453
7	231	0.0741379310345
7	232	0.106382978723
7	234	0.046218487395
7	235	0.109660574413
7	236	0.0514851485149
7	237	0.093471810089
7	238	0.0420841683367
7	296	0.0460652591171
7	308	0.0556438791733
7	309	0.0555555555556
7	319	0.0196629213483
7	328	0.0533910533911
7	331	0.047703180212
7	332	0.0458891013384
7	333	0.0474383301708
7	334	0.0496894409938
7	344	0.0514705882353
7	346	0.0544
7	348	0.0379746835443
7	350	0.047619047619
7	353	0.0467289719626
7	357	0.0433884297521
7	358	0.0424628450106
7	373	0.0479041916168
7	374	0.0423162583519
7	387	0.0367965367965
7	393	0.0426439232409
7	397	0.0740740740741
7	398	0.0630323679727
7	399	0.0567375886525
7	400	0.0552631578947
7	401	0.0806451612903
7	403	0.0492957746479
7	405	0.0505226480836
7	407	0.0567010309278
7	414	0.0422535211268
7	416	0.0700325732899
7	418	0.0682656826568
7	421	0.043795620438
7	434	0.0343249427918
7	436	0.0346420323326
7	447	0.0408163265306
7	452	0.0644567219153
7	454	0.0474516695958
7	459	0.0361173814898
7	462	0.0352112676056
7	463	0.0461847389558
7	464	0.0420650095602
7	465	0.0512367491166
7	473	0.0437262357414
7	475	0.0435779816514
7	477	0.0433145009416
7	479	0.0430107526882
7	480	0.0479452054795
7	481	0.0533707865169
7	482	0.0894308943089
7	485	0.142276422764
7	488	0.0608424336973
7	491	0.078431372549
7	492	0.0329949238579
7	494	0.073482428115
7	496	0.0541401273885
7	497	0.0300751879699
7	500	0.0522388059701
7	501	0.0379746835443
7	503	0.0444915254237
7	509	0.0409482758621
7	527	0.0354609929078
7	590	0.0402542372881
7	598	0.0315533980583
7	615	0.0425531914894
7	619	0.0475247524752
7	621	0.0692567567568
7	622	0.0790322580645
7	623	0.0888888888889
7	624	0.0344036697248
7	625	0.0379464285714
7	628	0.0537634408602
7	629	0.0836120401338
7	630	0.0667938931298
7	631	0.0381355932203
7	633	0.0726495726496
7	635	0.083950617284
8	10	0.0347222222222
8	11	0.234693877551
8	21	0.045045045045
8	32	0.0387596899225
8	83	0.0376344086022
8	99	0.0425531914894
8	123	0.037037037037
8	134	0.0483870967742
8	180	0.0366972477064
8	184	0.0381679389313
8	222	0.0387096774194
8	223	0.0402298850575
8	247	0.0390625
8	251	0.0335570469799
8	256	0.0421052631579
8	276	0.0306748466258
8	323	0.113636363636
8	324	0.0434782608696
8	371	0.0299145299145
8	389	0.0485436893204
8	406	0.0272727272727
8	435	0.10101010101
8	438	0.0703125
8	449	0.047619047619
8	456	0.0308641975309
8	495	0.0320512820513
8	502	0.031746031746
8	510	0.0314136125654
8	579	0.0353982300885
9	0	0.0343511450382
9	1	0.0365853658537
9	5	0.0597014925373
9	10	0.0542986425339
9	11	0.145251396648
9	13	0.103286384977
9	17	0.0686274509804
9	22	0.0447154471545
9	23	0.252380952381
9	25	0.0406504065041
9	81	0.0474452554745
9	83	0.0413533834586
9	86	0.0397111913357
9	99	0.0358744394619
9	133	0.037037037037
9	134	0.0541871921182
9	136	0.0327868852459
9	137	0.0343137254902
9	142	0.0355329949239
9	144	0.0443349753695
9	145	0.045
9	146	0.032967032967
9	153	0.0381944444444
9	158	0.0636042402827
9	216	0.0341463414634
9	219	0.0369003690037
9	220	0.0632411067194
9	221	0.0785123966942
9	222	0.0425531914894
9	223	0.06
9	225	0.034749034749
9	276	0.0413223140496
9	287	0.0409090909091
9	293	0.036866359447
9	295	0.0346534653465
9	333	0.0376811594203
9	339	0.0422535211268
9	427	0.0515873015873
9	428	0.052
9	431	0.0673758865248
9	432	0.042194092827
9	438	0.0886699507389
9	443	0.0441176470588
9	446	0.0528634361233
9	451	0.042194092827
9	508	0.0344827586207
9	543	0.035
9	550	0.0349344978166
9	556	0.0560344827586
9	559	0.0343137254902
9	560	0.0553191489362
9	566	0.0588235294118
9	569	0.0420560747664
9	632	0.041825095057
9	633	0.0511945392491
9	636	0.0467289719626
9	637	0.0395683453237
10	5	0.0772532188841
10	8	0.0347222222222
10	9	0.0542986425339
10	11	0.075
10	12	0.0355555555556
10	15	0.140939597315
10	17	0.107784431138
10	18	0.0464135021097
10	81	0.0583333333333
10	185	0.0416666666667
10	210	0.032
10	213	0.0376569037657
10	228	0.0371747211896
10	239	0.0388349514563
10	240	0.0416666666667
10	308	0.0306603773585
10	320	0.0379746835443
10	321	0.046357615894
10	323	0.0347222222222
10	369	0.0772200772201
10	372	0.0430107526882
10	378	0.0314960629921
10	391	0.0387096774194
10	396	0.0478468899522
10	402	0.0382165605096
10	404	0.0392749244713
10	406	0.0335820895522
10	408	0.0695652173913
10	409	0.0496453900709
10	410	0.0333333333333
10	427	0.0357142857143
10	428	0.0454545454545
10	472	0.040293040293
10	473	0.042071197411
10	477	0.0582524271845
10	478	0.046511627907
10	487	0.0945273631841
10	490	0.0444444444444
10	495	0.049504950495
10	496	0.0308056872038
10	497	0.0337078651685
10	498	0.0340136054422
10	500	0.0465838509317
10	503	0.0390625
10	504	0.0416666666667
10	505	0.0383141762452
10	506	0.052380952381
10	510	0.0376569037657
10	566	0.0414507772021
10	606	0.0350194552529
10	615	0.0365448504983
10	620	0.041958041958
10	622	0.0424528301887
10	637	0.0491803278689
11	4	0.0359281437126
11	8	0.234693877551
11	9	0.145251396648
11	10	0.075
11	14	0.0534351145038
11	15	0.0597014925373
11	18	0.0328638497653
11	21	0.0944881889764
11	25	0.0372340425532
11	81	0.0366972477064
11	82	0.0422535211268
11	83	0.0693069306931
11	86	0.0318181818182
11	90	0.0397350993377
11	99	0.0691823899371
11	105	0.0394736842105
11	134	0.0625
11	137	0.0344827586207
11	144	0.0342465753425
11	145	0.0422535211268
11	155	0.038961038961
11	156	0.043795620438
11	162	0.0331491712707
11	171	0.0353982300885
11	180	0.0461538461538
11	196	0.0326086956522
11	215	0.0387096774194
11	219	0.0328638497653
11	220	0.04
11	221	0.0416666666667
11	222	0.0454545454545
11	223	0.0515463917526
11	276	0.0437158469945
11	277	0.0375939849624
11	287	0.0434782608696
11	295	0.0496453900709
11	297	0.0402684563758
11	313	0.0344827586207
11	323	0.034188034188
11	324	0.0347826086957
11	339	0.0444444444444
11	427	0.0515463917526
11	428	0.0412371134021
11	430	0.032967032967
11	431	0.0434782608696
11	433	0.0411764705882
11	434	0.0368421052632
11	436	0.0376344086022
11	438	0.12676056338
11	448	0.0357142857143
11	456	0.0382513661202
11	466	0.0324324324324
11	468	0.0402684563758
11	550	0.0352941176471
11	560	0.0331491712707
11	569	0.0384615384615
11	579	0.037037037037
11	598	0.0365853658537
11	637	0.041095890411
12	5	0.213675213675
12	6	0.148936170213
12	10	0.0355555555556
12	16	0.0366972477064
12	17	0.0331753554502
12	18	0.170833333333
12	135	0.0348837209302
12	233	0.056338028169
12	237	0.0362595419847
12	238	0.0349206349206
12	240	0.0445344129555
12	241	0.0490196078431
12	248	0.0346153846154
12	309	0.0402010050251
12	321	0.0380434782609
12	355	0.0430107526882
12	369	0.0469798657718
12	372	0.0519480519481
12	380	0.031914893617
12	386	0.0337078651685
12	395	0.0360824742268
12	402	0.048128342246
12	404	0.0472222222222
12	408	0.0608365019011
12	415	0.0414937759336
12	417	0.032967032967
12	419	0.0355731225296
12	472	0.0709459459459
12	473	0.0380116959064
12	474	0.0408163265306
12	479	0.0355871886121
12	480	0.0433070866142
12	481	0.0712909441233
12	495	0.0470085470085
12	510	0.0485074626866
12	588	0.0294117647059
12	612	0.0355871886121
12	622	0.0462555066079
12	623	0.0423529411765
12	627	0.0453172205438
12	628	0.0395778364116
12	629	0.0365296803653
12	634	0.0460251046025
12	635	0.0381355932203
13	2	0.0353356890459
13	3	0.0537190082645
13	7	0.03125
13	9	0.103286384977
13	14	0.0434782608696
13	15	0.0552147239264
13	16	0.034398034398
13	17	0.0872093023256
13	18	0.0373443983402
13	21	0.0903225806452
13	24	0.0466321243523
13	34	0.0357142857143
13	50	0.0324324324324
13	57	0.0328947368421
13	73	0.0365168539326
13	88	0.0363636363636
13	89	0.0349344978166
13	93	0.0350877192982
13	101	0.0375
13	115	0.051724137931
13	117	0.0335195530726
13	121	0.0416666666667
13	123	0.0376344086022
13	124	0.0427631578947
13	128	0.036231884058
13	137	0.0344827586207
13	138	0.0357142857143
13	173	0.0419161676647
13	188	0.0333333333333
13	236	0.0408163265306
13	309	0.0435967302452
13	332	0.0353697749196
13	348	0.0348837209302
13	425	0.0429447852761
13	449	0.0335195530726
13	452	0.0321637426901
13	501	0.0348837209302
13	503	0.046875
13	504	0.0412844036697
13	507	0.0414746543779
13	508	0.034632034632
13	509	0.0487804878049
13	528	0.0459363957597
13	563	0.0398009950249
13	596	0.0340909090909
13	618	0.0350877192982
13	623	0.0325814536341
13	628	0.034188034188
13	633	0.0413533834586
14	1	0.0386740331492
14	11	0.0534351145038
14	13	0.0434782608696
14	17	0.0342465753425
14	21	0.166666666667
14	22	0.0382513661202
14	23	0.0710382513661
14	24	0.0993377483444
14	80	0.0284697508897
14	81	0.0328638497653
14	82	0.036496350365
14	83	0.044776119403
14	84	0.0360824742268
14	86	0.0676328502415
14	89	0.0360824742268
14	92	0.0413793103448
14	95	0.035
14	96	0.0355029585799
14	99	0.0445859872611
14	101	0.04
14	105	0.0340136054422
14	114	0.0544217687075
14	117	0.0347222222222
14	131	0.0301724137931
14	134	0.0425531914894
14	137	0.0359712230216
14	145	0.0441176470588
14	151	0.0347826086957
14	155	0.0547945205479
14	157	0.0373134328358
14	158	0.0308370044053
14	162	0.0342857142857
14	173	0.0375939849624
14	188	0.0347826086957
14	189	0.0373831775701
14	219	0.0338164251208
14	222	0.0348837209302
14	294	0.0633802816901
14	295	0.0518518518519
14	324	0.0462962962963
14	428	0.0425531914894
14	438	0.047619047619
14	446	0.0683229813665
14	448	0.0769230769231
14	449	0.0567375886525
14	467	0.0344827586207
14	499	0.0335195530726
14	561	0.0384615384615
14	632	0.035
14	634	0.0338983050847
15	10	0.140939597315
15	11	0.0597014925373
15	13	0.0552147239264
15	17	0.115107913669
15	21	0.141666666667
15	23	0.0362694300518
15	81	0.0322580645161
15	117	0.0337837837838
15	177	0.0384615384615
15	229	0.04
15	290	0.0373134328358
15	321	0.0406504065041
15	322	0.0416666666667
15	324	0.0446428571429
15	363	0.036036036036
15	367	0.0348837209302
15	391	0.0396825396825
15	425	0.0375939849624
15	428	0.0416666666667
15	435	0.04
15	443	0.0344827586207
15	448	0.0361445783133
15	449	0.0479452054795
15	472	0.0367346938776
15	476	0.032967032967
15	477	0.0457746478873
15	496	0.0279187817259
15	498	0.161904761905
15	500	0.03367003367
15	501	0.030701754386
15	505	0.04329004329
15	506	0.0494505494505
15	507	0.0374331550802
15	509	0.0319634703196
15	510	0.0380952380952
15	598	0.0434782608696
16	2	0.0897435897436
16	3	0.171215880893
16	6	0.0944206008584
16	7	0.163963963964
16	12	0.0366972477064
16	13	0.034398034398
16	17	0.030612244898
16	18	0.0424107142857
16	19	0.283495145631
16	20	0.136674259681
16	37	0.0662878787879
16	38	0.0603248259861
16	39	0.0463709677419
16	41	0.0759493670886
16	42	0.0474383301708
16	43	0.0508806262231
16	44	0.0535714285714
16	46	0.0561555075594
16	50	0.0564373897707
16	57	0.062
16	60	0.0382978723404
16	65	0.0513245033113
16	68	0.0634146341463
16	76	0.0414201183432
16	79	0.0382165605096
16	87	0.0530973451327
16	88	0.0348837209302
16	91	0.0537897310513
16	93	0.0470347648262
16	98	0.04
16	100	0.0510018214936
16	104	0.0417633410673
16	115	0.0309278350515
16	116	0.0604651162791
16	118	0.0444444444444
16	119	0.0358851674641
16	120	0.0412147505423
16	121	0.0924855491329
16	123	0.0301507537688
16	124	0.0637450199203
16	126	0.047520661157
16	128	0.0611814345992
16	129	0.0348837209302
16	130	0.045871559633
16	133	0.0425055928412
16	154	0.0775716694772
16	160	0.0435643564356
16	186	0.0426356589147
16	228	0.0440251572327
16	230	0.100126742712
16	231	0.0751748251748
16	232	0.0844155844156
16	234	0.0492505353319
16	235	0.0949284785436
16	236	0.054435483871
16	237	0.0945945945946
16	238	0.0578512396694
16	308	0.0529695024077
16	320	0.0268096514745
16	328	0.0524781341108
16	330	0.0676470588235
16	331	0.0559566787004
16	334	0.051968503937
16	344	0.0542056074766
16	345	0.0514851485149
16	346	0.0637254901961
16	347	0.0396659707724
16	348	0.0408602150538
16	350	0.057761732852
16	356	0.0519287833828
16	357	0.0397489539749
16	358	0.0409482758621
16	364	0.0414746543779
16	365	0.038854805726
16	374	0.0430839002268
16	397	0.0629032258065
16	398	0.0713043478261
16	399	0.0575539568345
16	400	0.0572569906791
16	401	0.0602409638554
16	405	0.0493827160494
16	407	0.066783831283
16	416	0.0727272727273
16	418	0.0652985074627
16	421	0.0581613508443
16	439	0.0223463687151
16	442	0.0356294536817
16	447	0.0415704387991
16	452	0.0555555555556
16	455	0.0398322851153
16	459	0.0344036697248
16	463	0.0405679513185
16	475	0.0371229698376
16	476	0.0330969267139
16	477	0.0439770554493
16	479	0.06
16	480	0.0488372093023
16	481	0.0480225988701
16	482	0.0763888888889
16	484	0.026525198939
16	485	0.0760309278351
16	488	0.0532915360502
16	491	0.0823863636364
16	492	0.031007751938
16	494	0.0624
16	496	0.0582524271845
16	497	0.0306905370844
16	500	0.0431519699812
16	504	0.03981264637
16	508	0.0387243735763
16	509	0.0371179039301
16	510	0.0400890868597
16	621	0.0775862068966
16	622	0.055910543131
16	623	0.0715502555366
16	624	0.035046728972
16	625	0.0410022779043
16	628	0.0841121495327
16	629	0.0884353741497
16	630	0.0535372848948
16	631	0.0410367170626
16	633	0.0646551724138
16	634	0.0380952380952
16	635	0.0641975308642
17	4	0.0333333333333
17	5	0.102803738318
17	9	0.0686274509804
17	10	0.107784431138
17	12	0.0331753554502
17	13	0.0872093023256
17	14	0.0342465753425
17	15	0.115107913669
17	16	0.030612244898
17	18	0.0990566037736
17	23	0.0386473429952
17	54	0.0328947368421
17	81	0.0391304347826
17	84	0.0328638497653
17	117	0.037037037037
17	182	0.0344827586207
17	188	0.0375939849624
17	220	0.0327102803738
17	233	0.0327868852459
17	239	0.0418848167539
17	290	0.0405405405405
17	371	0.0335820895522
17	385	0.0380434782609
17	386	0.0625
17	389	0.0359712230216
17	396	0.0355329949239
17	415	0.0357142857143
17	417	0.037037037037
17	420	0.0439024390244
17	424	0.0294117647059
17	425	0.0408163265306
17	427	0.0333333333333
17	428	0.0386473429952
17	431	0.0368852459016
17	435	0.0357142857143
17	438	0.0359281437126
17	445	0.0361445783133
17	446	0.0380434782609
17	462	0.0473684210526
17	477	0.0469798657718
17	487	0.0567010309278
17	495	0.042328042328
17	496	0.0344827586207
17	498	0.096
17	614	0.0387931034483
17	626	0.0380952380952
17	631	0.0333333333333
17	633	0.031746031746
17	637	0.0387931034483
18	5	0.128301886792
18	6	0.0900321543408
18	10	0.0464135021097
18	11	0.0328638497653
18	12	0.170833333333
18	13	0.0373443983402
18	16	0.0424107142857
18	17	0.0990566037736
18	20	0.150877192982
18	37	0.037037037037
18	41	0.0366748166259
18	43	0.0457142857143
18	135	0.0421348314607
18	185	0.0366492146597
18	229	0.0446428571429
18	233	0.05
18	237	0.0449438202247
18	238	0.0460122699387
18	239	0.0438247011952
18	240	0.05
18	241	0.0361990950226
18	308	0.0385438972163
18	309	0.043795620438
18	320	0.0392156862745
18	324	0.031746031746
18	328	0.0357142857143
18	329	0.0406976744186
18	333	0.0418994413408
18	338	0.0369003690037
18	360	0.0377358490566
18	366	0.0238095238095
18	370	0.0401459854015
18	372	0.0366972477064
18	374	0.0471014492754
18	378	0.0287356321839
18	380	0.0398009950249
18	381	0.0372093023256
18	383	0.0398406374502
18	386	0.0310880829016
18	394	0.0344827586207
18	396	0.0348837209302
18	402	0.0603015075377
18	404	0.048128342246
18	405	0.0392156862745
18	408	0.05
18	409	0.037037037037
18	410	0.0485175202156
18	412	0.0594059405941
18	415	0.0390625
18	417	0.0410256410256
18	419	0.0653846153846
18	420	0.0413533834586
18	421	0.0424403183024
18	424	0.0306748466258
18	453	0.0357142857143
18	455	0.0450160771704
18	462	0.048
18	463	0.0490797546012
18	465	0.0452261306533
18	472	0.0573248407643
18	473	0.0511363636364
18	476	0.0597609561753
18	477	0.0653409090909
18	478	0.0459770114943
18	479	0.0443686006826
18	480	0.0566037735849
18	481	0.0515653775322
18	487	0.0428015564202
18	488	0.0372670807453
18	491	0.0368421052632
18	495	0.0743801652893
18	496	0.139150943396
18	498	0.0362694300518
18	500	0.0576923076923
18	503	0.0466666666667
18	505	0.0813559322034
18	507	0.0381679389313
18	510	0.0724637681159
18	591	0.0342205323194
18	621	0.0460829493088
18	622	0.0560344827586
18	623	0.0432801822323
18	628	0.0433673469388
18	629	0.0659090909091
18	630	0.0644257703081
18	635	0.0441767068273
19	2	0.0899795501022
19	6	0.0430528375734
19	7	0.130067567568
19	16	0.283495145631
19	37	0.0712979890311
19	38	0.080738177624
19	39	0.0423076923077
19	41	0.0692041522491
19	42	0.0550458715596
19	43	0.0526315789474
19	44	0.060553633218
19	45	0.0605504587156
19	46	0.0448979591837
19	48	0.0438095238095
19	50	0.061433447099
19	57	0.0715667311412
19	60	0.040733197556
19	62	0.0655462184874
19	65	0.0612903225806
19	68	0.0611285266458
19	69	0.0514018691589
19	73	0.0609756097561
19	76	0.0637065637066
19	78	0.0345572354212
19	80	0.062030075188
19	87	0.0527426160338
19	88	0.0446428571429
19	91	0.0412844036697
19	94	0.0426356589147
19	96	0.0320366132723
19	97	0.0470085470085
19	98	0.0536480686695
19	100	0.0582010582011
19	103	0.0345572354212
19	104	0.0559284116331
19	113	0.0347826086957
19	116	0.0527472527473
19	118	0.0400843881857
19	119	0.0506912442396
19	120	0.0501043841336
19	121	0.0845588235294
19	122	0.0378947368421
19	124	0.0794573643411
19	125	0.0459518599562
19	126	0.06
19	128	0.052
19	129	0.0446428571429
19	130	0.0367965367965
19	131	0.0574948665298
19	133	0.0360169491525
19	141	0.0287769784173
19	145	0.027027027027
19	154	0.141379310345
19	160	0.0658914728682
19	167	0.132743362832
19	169	0.0680751173709
19	186	0.042750929368
19	230	0.11375
19	231	0.0795262267343
19	232	0.089905362776
19	234	0.0426829268293
19	235	0.117571059432
19	236	0.06640625
19	237	0.0978102189781
19	293	0.0308788598575
19	296	0.0486891385768
19	298	0.0445736434109
19	308	0.0592823712949
19	328	0.0642857142857
19	330	0.0624113475177
19	331	0.0647985989492
19	332	0.0465549348231
19	334	0.0501519756839
19	344	0.0463458110517
19	346	0.0647709320695
19	347	0.0632653061224
19	348	0.0496894409938
19	350	0.0463917525773
19	353	0.0511882998172
19	356	0.0624092888244
19	358	0.0454545454545
19	397	0.0689655172414
19	398	0.0848896434635
19	399	0.0681818181818
19	400	0.0864361702128
19	401	0.0435606060606
19	403	0.0444444444444
19	407	0.0552763819095
19	416	0.0700636942675
19	421	0.0538599640934
19	450	0.0432801822323
19	453	0.0419708029197
19	482	0.0928899082569
19	485	0.105670103093
19	488	0.0692307692308
19	489	0.033734939759
19	491	0.123032904149
19	492	0.036855036855
19	493	0.0344827586207
19	494	0.0700934579439
19	496	0.0496124031008
19	508	0.0345572354212
19	509	0.0550847457627
19	621	0.0468497576737
19	622	0.0474732006126
19	623	0.0584415584416
19	628	0.0616197183099
19	629	0.0659163987138
19	633	0.0465587044534
20	3	0.0504731861199
20	6	0.174050632911
20	7	0.0787234042553
20	16	0.136674259681
20	18	0.150877192982
20	37	0.0469135802469
20	39	0.0382513661202
20	41	0.0604651162791
20	128	0.0429799426934
20	228	0.0375722543353
20	230	0.0399429386591
20	231	0.0530973451327
20	232	0.0413385826772
20	233	0.0451807228916
20	236	0.0378378378378
20	237	0.0573476702509
20	238	0.0718390804598
20	239	0.0352112676056
20	240	0.0374149659864
20	246	0.0348432055749
20	308	0.0465587044534
20	309	0.0429864253394
20	329	0.0512129380054
20	354	0.0381944444444
20	367	0.0359712230216
20	374	0.0490196078431
20	383	0.0464285714286
20	405	0.045871559633
20	410	0.047263681592
20	411	0.0436241610738
20	416	0.0386965376782
20	418	0.046004842615
20	421	0.0416666666667
20	439	0.027149321267
20	452	0.0410628019324
20	454	0.0393518518519
20	455	0.0469208211144
20	463	0.0535211267606
20	465	0.0541176470588
20	472	0.0489913544669
20	473	0.0387596899225
20	474	0.0413793103448
20	475	0.0405405405405
20	476	0.0456140350877
20	477	0.0571428571429
20	478	0.0481099656357
20	479	0.0764331210191
20	480	0.0721649484536
20	481	0.0486956521739
20	485	0.0403587443946
20	488	0.0512820512821
20	491	0.0741379310345
20	494	0.0521042084168
20	495	0.0541516245487
20	496	0.0706860706861
20	497	0.0602409638554
20	500	0.0556962025316
20	501	0.0454545454545
20	502	0.0516129032258
20	503	0.0453172205438
20	504	0.0409556313993
20	505	0.0572289156627
20	506	0.0379310344828
20	507	0.037542662116
20	598	0.0373134328358
20	614	0.0434782608696
20	621	0.0496760259179
20	622	0.0762886597938
20	623	0.0722100656455
20	628	0.055023923445
20	629	0.0728051391863
20	630	0.0701298701299
20	635	0.0618181818182
21	8	0.045045045045
21	11	0.0944881889764
21	13	0.0903225806452
21	14	0.166666666667
21	15	0.141666666667
21	24	0.0372670807453
21	25	0.0326086956522
21	98	0.0334928229665
21	114	0.04
21	117	0.0344827586207
21	125	0.0357142857143
21	137	0.0357142857143
21	184	0.0335570469799
21	187	0.0373831775701
21	221	0.031746031746
21	244	0.0322580645161
21	247	0.0342465753425
21	294	0.0340136054422
21	324	0.0654205607477
21	332	0.0323741007194
21	425	0.0384615384615
21	428	0.0534759358289
21	430	0.0397727272727
21	431	0.0444444444444
21	432	0.0402298850575
21	434	0.0434782608696
21	438	0.0472972972973
21	442	0.0337078651685
21	445	0.0405405405405
21	448	0.0432098765432
21	449	0.171875
21	503	0.0309734513274
21	505	0.0438596491228
21	507	0.0380434782609
21	509	0.0324074074074
21	510	0.0386473429952
21	569	0.0397350993377
22	9	0.0447154471545
22	14	0.0382513661202
22	23	0.144144144144
22	24	0.103448275862
22	25	0.042194092827
22	81	0.0610687022901
22	83	0.0592885375494
22	84	0.0401606425703
22	86	0.0608365019011
22	99	0.0673076923077
22	101	0.0444444444444
22	134	0.0512820512821
22	136	0.0344827586207
22	138	0.0594594594595
22	142	0.0372340425532
22	144	0.0463917525773
22	149	0.0670391061453
22	153	0.0820895522388
22	155	0.0392156862745
22	158	0.0618181818182
22	159	0.045871559633
22	161	0.0535714285714
22	162	0.0391304347826
22	165	0.0470085470085
22	182	0.0327868852459
22	191	0.0306748466258
22	215	0.0390243902439
22	217	0.0412979351032
22	220	0.0970464135021
22	221	0.045643153527
22	222	0.0396475770925
22	223	0.0801687763713
22	224	0.0363636363636
22	226	0.0411392405063
22	227	0.0416666666667
22	247	0.0348258706468
22	276	0.0340425531915
22	294	0.0398009950249
22	318	0.035175879397
22	339	0.0551470588235
22	427	0.158371040724
22	428	0.0452674897119
22	431	0.168
22	443	0.0408163265306
22	446	0.0849056603774
22	451	0.0769230769231
22	456	0.047619047619
22	519	0.0377358490566
22	531	0.0283687943262
22	543	0.0366492146597
22	544	0.0434782608696
22	545	0.0542986425339
22	546	0.0387931034483
22	547	0.0457142857143
22	548	0.0357142857143
22	559	0.0412371134021
22	561	0.0376344086022
22	566	0.0514018691589
22	569	0.0388349514563
22	574	0.0372670807453
22	636	0.0436893203883
22	637	0.0486891385768
23	0	0.034749034749
23	2	0.0422077922078
23	4	0.0358744394619
23	9	0.252380952381
23	14	0.0710382513661
23	15	0.0362694300518
23	17	0.0386473429952
23	22	0.144144144144
23	24	0.121951219512
23	25	0.0411522633745
23	56	0.0386266094421
23	66	0.0358422939068
23	81	0.0441176470588
23	83	0.0538461538462
23	86	0.043956043956
23	98	0.0410447761194
23	109	0.0348258706468
23	142	0.0360824742268
23	144	0.0346534653465
23	150	0.0348258706468
23	153	0.0459363957597
23	155	0.0380952380952
23	157	0.0410256410256
23	158	0.0719424460432
23	164	0.0338983050847
23	190	0.030487804878
23	217	0.0375722543353
23	220	0.0350194552529
23	221	0.0617283950617
23	223	0.0396825396825
23	294	0.0336538461538
23	321	0.032967032967
23	338	0.0478087649402
23	339	0.0501792114695
23	427	0.0564516129032
23	428	0.0441767068273
23	431	0.0492957746479
23	438	0.0430622009569
23	443	0.0344827586207
23	446	0.0535714285714
23	543	0.0355329949239
23	556	0.0521739130435
23	560	0.0560344827586
23	566	0.0405405405405
23	569	0.0526315789474
23	577	0.0338164251208
23	632	0.0343511450382
24	0	0.0347826086957
24	13	0.0466321243523
24	14	0.0993377483444
24	21	0.0372670807453
24	22	0.103448275862
24	23	0.121951219512
24	73	0.0396600566572
24	81	0.0409836065574
24	83	0.042735042735
24	84	0.0352422907489
24	86	0.0493827160494
24	114	0.0384615384615
24	117	0.0338983050847
24	132	0.0355029585799
24	146	0.0333333333333
24	161	0.0337837837838
24	166	0.0340136054422
24	179	0.0461538461538
24	214	0.0472103004292
24	221	0.0363636363636
24	222	0.0341463414634
24	294	0.0335195530726
24	295	0.0352941176471
24	299	0.0421052631579
24	437	0.0413223140496
24	446	0.101604278075
24	451	0.103092783505
24	466	0.0428571428571
24	467	0.0337078651685
24	471	0.0424242424242
24	637	0.0364372469636
25	9	0.0406504065041
25	11	0.0372340425532
25	21	0.0326086956522
25	22	0.042194092827
25	23	0.0411522633745
25	26	0.131868131868
25	28	0.0734463276836
25	29	0.102272727273
25	30	0.0338983050847
25	31	0.030303030303
25	32	0.0947368421053
25	34	0.0483870967742
25	36	0.0379146919431
25	158	0.0392857142857
25	189	0.0306748466258
25	194	0.0342205323194
25	203	0.0340425531915
25	219	0.0343511450382
25	223	0.0537190082645
25	244	0.0464135021097
25	248	0.0401606425703
25	249	0.05
25	257	0.0515463917526
25	275	0.0358306188925
25	276	0.0521739130435
25	277	0.0348101265823
25	286	0.0364238410596
25	289	0.0622009569378
25	290	0.0378378378378
25	294	0.0348258706468
25	311	0.037037037037
25	314	0.0378378378378
25	338	0.0756302521008
25	339	0.0592592592593
25	342	0.0355329949239
25	420	0.037037037037
25	427	0.0625
25	428	0.210526315789
25	431	0.0505415162455
25	432	0.0627802690583
25	434	0.0376569037657
25	435	0.0338983050847
25	442	0.0526315789474
25	443	0.0684210526316
25	445	0.0344827586207
25	447	0.0408163265306
25	448	0.056338028169
25	449	0.040404040404
25	451	0.0486725663717
25	456	0.04329004329
25	501	0.0359712230216
25	527	0.04
25	550	0.0365296803653
25	632	0.0352941176471
26	25	0.131868131868
26	28	0.0714285714286
26	30	0.153225806452
26	31	0.04
26	32	0.0632911392405
26	33	0.0596026490066
26	34	0.0992907801418
26	36	0.0346820809249
26	91	0.0372340425532
26	107	0.0409356725146
26	132	0.0394736842105
26	289	0.0459770114943
26	338	0.0854271356784
26	342	0.0379746835443
26	343	0.0978260869565
26	428	0.0339805825243
26	459	0.0487804878049
26	461	0.0397727272727
26	539	0.042328042328
26	631	0.0379746835443
27	28	0.0487804878049
27	29	0.1875
27	30	0.0990990990991
27	31	0.112244897959
27	32	0.05
27	33	0.0859375
27	36	0.0394736842105
27	243	0.0377358490566
27	246	0.0406976744186
27	250	0.0357142857143
27	257	0.043795620438
27	258	0.031914893617
27	267	0.0314136125654
27	268	0.0315789473684
27	272	0.0353535353535
27	275	0.0321285140562
27	284	0.0506912442396
27	289	0.15
27	290	0.235849056604
27	291	0.0454545454545
27	292	0.0535714285714
27	300	0.0714285714286
27	301	0.0982142857143
27	302	0.0820895522388
27	305	0.0808823529412
27	335	0.0408163265306
27	337	0.0432432432432
27	340	0.0425531914894
27	341	0.0331125827815
27	434	0.0446927374302
27	456	0.0344827586207
27	458	0.0324074074074
27	510	0.0344827586207
27	552	0.0309734513274
27	580	0.0291666666667
28	25	0.0734463276836
28	26	0.0714285714286
28	27	0.0487804878049
28	30	0.12389380531
28	33	0.0588235294118
28	34	0.0451127819549
28	35	0.0641025641026
28	47	0.0404624277457
28	242	0.0428571428571
28	246	0.0337078651685
28	276	0.0333333333333
28	284	0.0309734513274
28	288	0.08
28	289	0.144827586207
28	291	0.0327868852459
28	292	0.0459770114943
28	305	0.048275862069
28	335	0.0394736842105
28	338	0.0582010582011
28	339	0.0313901345291
28	342	0.129770992366
28	343	0.134146341463
28	432	0.0402298850575
28	458	0.041095890411
28	515	0.0423728813559
28	518	0.0357142857143
28	579	0.0384615384615
29	25	0.102272727273
29	27	0.1875
29	30	0.0396825396825
29	31	0.0825688073394
29	32	0.0833333333333
29	33	0.0571428571429
29	34	0.043795620438
29	36	0.0705128205128
29	97	0.0330188679245
29	126	0.0401606425703
29	246	0.0386740331492
29	250	0.0405405405405
29	257	0.048275862069
29	268	0.0621761658031
29	275	0.043137254902
29	284	0.0440528634361
29	286	0.0357142857143
29	289	0.0365853658537
29	290	0.129032258065
29	291	0.0722222222222
29	292	0.0568181818182
29	301	0.0819672131148
29	302	0.0921985815603
29	303	0.029197080292
29	305	0.0758620689655
29	347	0.0416666666667
29	351	0.0377358490566
29	357	0.0331950207469
29	358	0.030701754386
29	381	0.0354609929078
29	401	0.0294117647059
29	426	0.0485436893204
29	432	0.0755813953488
29	433	0.12101910828
29	434	0.048128342246
29	442	0.032967032967
29	447	0.0410256410256
29	510	0.0330188679245
29	527	0.0340909090909
29	621	0.0272479564033
30	25	0.0338983050847
30	26	0.153225806452
30	27	0.0990990990991
30	28	0.12389380531
30	29	0.0396825396825
30	31	0.0490196078431
30	33	0.17094017094
30	34	0.0909090909091
30	242	0.0341463414634
30	243	0.0448717948718
30	246	0.0411764705882
30	250	0.043795620438
30	257	0.0367647058824
30	258	0.0378378378378
30	274	0.0368098159509
30	288	0.0544217687075
30	289	0.0671140939597
30	290	0.0661157024793
30	301	0.0431034482759
30	302	0.036231884058
30	336	0.0405405405405
30	337	0.0324324324324
30	340	0.0431654676259
30	342	0.0444444444444
30	343	0.0406976744186
30	358	0.0322580645161
30	362	0.0300429184549
30	447	0.0322580645161
30	458	0.0424528301887
30	459	0.0322580645161
31	25	0.030303030303
31	26	0.04
31	27	0.112244897959
31	29	0.0825688073394
31	30	0.0490196078431
31	32	0.118644067797
31	33	0.0508474576271
31	34	0.122641509434
31	36	0.1171875
31	223	0.0346820809249
31	242	0.0529100529101
31	244	0.0361445783133
31	246	0.0379746835443
31	248	0.0397727272727
31	251	0.0340136054422
31	258	0.0406976744186
31	263	0.0381679389313
31	275	0.0297872340426
31	280	0.0409356725146
31	281	0.0326086956522
31	283	0.0518518518519
31	284	0.0441176470588
31	287	0.036231884058
31	288	0.036496350365
31	289	0.0503597122302
31	290	0.0642201834862
31	292	0.0519480519481
31	300	0.046511627907
31	301	0.186813186813
31	302	0.0833333333333
31	305	0.0819672131148
31	337	0.0409356725146
31	343	0.0310559006211
31	353	0.025641025641
31	357	0.027397260274
31	358	0.0343137254902
31	362	0.027149321267
31	421	0.0281690140845
31	428	0.0350877192982
31	458	0.0348258706468
31	459	0.0346820809249
31	485	0.0199275362319
32	8	0.0387596899225
32	25	0.0947368421053
32	26	0.0632911392405
32	27	0.05
32	29	0.0833333333333
32	31	0.118644067797
32	34	0.154411764706
32	36	0.124223602484
32	219	0.0355555555556
32	225	0.0328638497653
32	242	0.0349344978166
32	244	0.0344827586207
32	246	0.0466321243523
32	250	0.037037037037
32	256	0.046511627907
32	284	0.0414937759336
32	289	0.0395480225989
32	291	0.035
32	292	0.0362694300518
32	294	0.0365853658537
32	305	0.0493827160494
32	337	0.0334928229665
32	339	0.0420168067227
32	342	0.0375
32	433	0.0382513661202
32	442	0.128491620112
32	443	0.0927152317881
32	447	0.0382775119617
32	456	0.0684210526316
32	459	0.048309178744
32	538	0.036231884058
33	26	0.0596026490066
33	27	0.0859375
33	28	0.0588235294118
33	29	0.0571428571429
33	30	0.17094017094
33	31	0.0508474576271
33	34	0.137404580153
33	35	0.0602409638554
33	194	0.0462962962963
33	242	0.0361990950226
33	243	0.0344827586207
33	244	0.0520833333333
33	246	0.0486486486486
33	248	0.0441176470588
33	250	0.0457516339869
33	251	0.0520231213873
33	258	0.0346534653465
33	261	0.0306513409962
33	263	0.0342465753425
33	268	0.0343137254902
33	283	0.0361445783133
33	288	0.0683229813665
33	289	0.0666666666667
33	290	0.0503597122302
33	292	0.0378378378378
33	300	0.0344827586207
33	301	0.0454545454545
33	305	0.0384615384615
33	335	0.0566037735849
33	336	0.0363636363636
33	337	0.0452261306533
33	338	0.0552763819095
33	339	0.0344827586207
33	458	0.155339805825
33	459	0.0663265306122
33	460	0.0347826086957
33	461	0.0473372781065
34	13	0.0357142857143
34	25	0.0483870967742
34	26	0.0992907801418
34	28	0.0451127819549
34	29	0.043795620438
34	30	0.0909090909091
34	31	0.122641509434
34	32	0.154411764706
34	33	0.137404580153
34	242	0.0418604651163
34	244	0.0591397849462
34	246	0.0677966101695
34	248	0.0452261306533
34	257	0.0337837837838
34	277	0.0298507462687
34	288	0.0503144654088
34	289	0.06875
34	290	0.0601503759398
34	292	0.0446927374302
34	335	0.0448717948718
34	337	0.0410256410256
34	338	0.0621761658031
34	343	0.0324324324324
34	430	0.032967032967
34	457	0.0324074074074
34	458	0.0639269406393
34	459	0.133333333333
34	460	0.0401785714286
34	461	0.0487804878049
35	28	0.0641025641026
35	33	0.0602409638554
35	194	0.0643776824034
35	202	0.0427807486631
35	208	0.0532786885246
35	211	0.0367892976589
35	242	0.0635593220339
35	243	0.0575916230366
35	244	0.0418604651163
35	245	0.0688073394495
35	248	0.0444444444444
35	252	0.0833333333333
35	253	0.0627615062762
35	258	0.0452488687783
35	259	0.0398671096346
35	260	0.0404411764706
35	261	0.0430107526882
35	262	0.0651465798046
35	263	0.0588235294118
35	266	0.0498220640569
35	267	0.103773584906
35	268	0.0688073394495
35	269	0.0502283105023
35	270	0.0555555555556
35	271	0.0551948051948
35	272	0.0386266094421
35	273	0.0769230769231
35	274	0.0558375634518
35	275	0.0352112676056
35	279	0.0544747081712
35	281	0.0660792951542
35	284	0.0433070866142
35	285	0.0521739130435
35	286	0.0358422939068
35	288	0.121387283237
35	292	0.0338164251208
35	300	0.0839694656489
35	304	0.225806451613
35	305	0.0337078651685
35	335	0.0555555555556
35	336	0.0546448087432
35	337	0.0599078341014
35	339	0.0355731225296
35	340	0.0454545454545
35	341	0.090395480226
35	342	0.0344827586207
35	343	0.0430622009569
35	352	0.0343642611684
35	353	0.0375
35	365	0.0434782608696
